3
5
0.2
3
Attack1|Attack2|Attack3
-9.8,9.8 -8.1,8.1 -8.1,8.1
9.8,-9.8 9.8,-9.8 9.8,-9.8
9.8,-9.8 9.8,-9.8 9.8,-9.8
0.2
4
Attack1|Attack2|Attack3|Attack1+Attack2
-9.8,9.8 -8.1,8.1 -8.1,8.1 -9.8,9.8
9.8,-9.8 9.8,-9.8 9.8,-9.8 9.8,-9.8
9.8,-9.8 9.8,-9.8 9.8,-9.8 9.8,-9.8
0.2
4
Attack1|Attack2|Attack3|Attack2+Attack3
-9.8,9.8 -8.1,8.1 -8.1,8.1 -9.8,9.8
9.8,-9.8 9.8,-9.8 9.8,-9.8 9.8,-9.8
9.8,-9.8 9.8,-9.8 9.8,-9.8 9.8,-9.8
0.2
4
Attack1|Attack2|Attack3|Attack1+Attack3
-9.8,9.8 -8.1,8.1 -8.1,8.1 -9.8,9.8
9.8,-9.8 9.8,-9.8 9.8,-9.8 9.8,-9.8
9.8,-9.8 9.8,-9.8 9.8,-9.8 9.8,-9.8
0.2
4
Attack1|Attack2|Attack3|Attack1+Attack2+Attack3
-9.8,9.8 -8.1,8.1 -8.1,8.1 -9.8,9.8
9.8,-9.8 9.8,-9.8 9.8,-9.8 9.8,-9.8
9.8,-9.8 9.8,-9.8 9.8,-9.8 9.8,-9.8