3
5
0.2
3
Attack1|Attack2|Attack3
10,-10 9.3,-9.3 9.3,-9.3
-10,10 -10,10 -10,10
10,-10 10,-10 10,-10
0.2
4
Attack1|Attack2|Attack3|Attack1+Attack2
10,-10 9.3,-9.3 9.3,-9.3 10,-10
-10,10 -10,10 -10,10 -10,10
10,-10 10,-10 10,-10 10,-10
0.2
4
Attack1|Attack2|Attack3|Attack2+Attack3
10,-10 9.3,-9.3 9.3,-9.3 10,-10
-10,10 -10,10 -10,10 -10,10
10,-10 10,-10 10,-10 10,-10
0.2
4
Attack1|Attack2|Attack3|Attack1+Attack3
10,-10 9.3,-9.3 9.3,-9.3 10,-10
-10,10 -10,10 -10,10 -10,10
10,-10 10,-10 10,-10 -10,10
0.2
4
Attack1|Attack2|Attack3|Attack1+Attack2+Attack3
10,-10 9.3,-9.3 9.3,-9.3 10,-10
-10,10 -10,10 -10,10 -10,10
10,-10 10,-10 10,-10 -10,10